   92  234     7.000:      10 events
       0    0    0     0.000    0    0

       0    0    0     0.000    0    0

  0.857   0.708 
       0    0    0     0.677    0    0
  1.548   1.108   1.375   0.520   0.519   0.609 
       0    0    0     0.947    0    0

       0    0    0     0.947    0    0

  1.816   0.565   0.528 
       0    0    0     0.015    0    0
  2.128   2.313 
       0    0    0     0.995    0    0
       0    0    0     0.995    0    0

  4.280   0.725 
       0    0    0     0.893    0    0

  3.201   1.362   0.412   0.281   0.212   0.258 
       0    0    0     0.194    0    0
       0    0    0     0.194    0    0

  0.389 
       0    0    0     0.463    0    0

  2.588   0.918   1.224 
       0    0    0     0.273    0    0
       0    0    0     0.273    0    0

  0.588 
       0    0    0     0.045    0    0

  0.770   0.313 
       0    0    0     0.207    0    0

       0    0    0     0.207    0    0

  0.576   0.299 
       0    0    0     0.411    0    0

  0.959   0.673   0.355 
       0    0    0     0.138    0    0

       0    0    0     0.138    0    0

  0.807   0.881   1.327 
       0    0    0     0.588    0    0

  2.713   2.171   0.362   1.048 
       0    0    0     0.000    0    0
       0    0    0     0.000    0    0

  0.875   0.696 
       0    0    0     0.087    0    0
  1.783   1.421   1.758   0.918   0.298   1.153 
       0    0    0     1.050    0    0
       0    0    0     1.050    0    0

  1.243   0.974   0.339   0.378 
       0    0    0     0.322    0    0

  1.754   1.664   1.140 
       0    0    0     0.958    0    0
       0    0    0     0.958    0    0

  1.095   2.268 
       0    0    0     1.664    0    0

  0.608 
    0    0    0
